0
2
5
7
10
12
14
17
19
21
24
26
29
31
33
36
38
40
43
45
48
50
52
55
57
60
62
64
67
69
71
74
76
79
81
83
86
88
90
93
95
98
100
105
111
116
121
126
132
137
142
147
153
158
163
168
174
179
184
189
195
200
205
211
216
221
226
232
237
242
247
253
258
263
268
274
279
284
289
295
300
306
311
317
323
329
334
340
246
351
357
363
369
374
380
386
391
397
403
409
414
420
426
431
437
443
449
454
460
466
471
477
483
489
494
500
507
513
520
527
533
540
547
553
560
567
573
580
587
593
600
607
613
620
627
633
640
647
653
660
667
673
680
687
693
700
707
714
721
728
734
741
748
755
762
769
776
783
790
797
803
810
817
824
831
838
845
852
859
866
872
879
886
893
900
907
915
922
930
937
944
952
959
967
974
981
989
996
1004
1011
1019
1026
1033
1041
1048
1056
1063
1070
1078
1085
1093
1100
1109
1119
1128
1138
1147
1156
1166
1175
1184
1194
1203
1213
1222
1231
1241
1250
1259
1269
1278
1288
1297
1306
1316
1325
1334
1344
1353
1363
1372
1381
1391
1400
1408
1417
1425
1433
1442
1450
1458
1467
1475
1483
1492
1500
1508
1517
1525
1533
1542
1550
1558
1567
1575
1583
1592
1600
1608
1617
1625
1633
1642
1650
1659
1669
1678
1687
1696
1706
1715
1724
1733
1743
1752
1761
1770
1780
1789
1798
1807
1817
1826
1835
1844
1854
1863
1872
1881
1891
1900
1908
1917
1925
1933
1942
1950
1958
1967
1975
1983
1992
2000
2008
2017
2025
2033
2042
2050
2058
2067
2075
2083
2092
2100
2108
2117
2125
2133
2142
2150
2160
2170
2180
2190
2200
2210
2220
2230
2240
2250
2260
2270
2280
2290
2300
2310
2320
2330
2340
2350
2360
2370
2380
2390
2400
2413
2426
2438
2451
2464
2477
2490
2503
2515
2528
2541
2554
2567
2579
2592
2605
2618
2631
2644
2656
2669
2682
2695
2708
2721
2733
2746
2759
2772
2785
2797
2810
2823
2836
2849
2862
2874
2887
2900
2910
2920
2929
2939
2949
2959
2969
2978
2988
2998
3008
3018
3027
3037
3047
3057
3067
3076
3086
3096
3106
3116
3125
3135
3145
3155
3165
3175
3184
3194
3104
3214
3224
3233
3243
3253
3263
3273
3282
3292
3302
3312
3322
3331
3341
3351
3361
3371
3380
3390
3400
3413
3426
3439
3453
3466
3479
3492
3505
3518
3532
3545
3558
3571
3584
3597
3611
3624
3637
3650
3662
3674
3687
3699
3711
3723
3735
3748
3760
3772
3784
3796
3809
3821
3833
3845
3857
3870
3882
3894
3906
3918
3930
3943
3955
3967
3979
3991
4004
4016
4028
4040
4052
4065
4077
4089
4101
4113
4126
4138
4150
4161
4173
4184
4195
4207
4218
4230
4241
4252
4264
4275
4286
4298
4309
4320
4332
4343
4355
4366
4377
4389
4400
4413
4426
4439
4453
4466
4479
4492
4505
4518
4532
4545
4558
4571
4584
4597
4611
4624
4637
4650
4663
4676
4689
4703
4716
4729
4742
4755
4768
4782
4795
4808
4821
4834
4847
4861
4874
4887
4900
4910
4919
4929
4938
4948
4958
4967
4977
4987
4996
5006
5015
5025
5035
5044
5054
5063
5073
5083
5092
5102
5112
5121
5131
5140
5150
5161
5172
5183
5193
5204
5215
5226
5237
5248
5259
5270
5280
5291
5302
5313
5324
5335
5346
5357
5367
5378
5389
5400
5413
5425
5438
5450
5463
5475
5488
5500
5513
5525
5538
5550
5563
5575
5588
5600
5613
5625
5638
5650
5663
5675
5688
5700
5713
5725
5738
5750
5763
5775
5788
5800
5813
5825
5838
5850
5863
5875
5888
5900
5913
5925
5938
5950
5963
5975
5988
6000
6013
6025
6038
6050
6063
6075
6088
6100
6113
6125
6138
6150
6163
6175
6188
6200
6213
6225
6238
6250
6263
6275
6288
6300
6313
6325
6338
6350
6363
6375
6388
6400
6413
6425
6438
6450
6463
6475
6488
6500
6513
6525
6538
6550
6563
6575
6588
6600
6613
6625
6638
6650
6663
6675
6688
6700
6713
6725
6738
6750
6763
6775
6788
6800
6813
6825
6838
6850
6863
6875
6888
6900
6913
6925
6938
6950
6963
6975
6988
7000
7013
7025
7038
7050
7063
7075
7088
7100
7113
7125
7138
7150
7164
7178
7192
7206
7219
7233
7247
7261
7275
7289
7303
7317
7331
7344
7358
7372
7386
7400
7414
7428
7442
7456
7469
7483
7497
7511
7525
7539
7553
7567
7581
7594
7608
7622
7636
7650
7664
7679
7693
7707
7721
7736
7750
7764
7779
7793
7807
7821
7836
7850
7864
7879
7893
7907
7921
7936
7950
7964
7979
7993
8007
8021
8036
8050
8064
8079
8093
8107
8121
8136
8150
8163
8177
8190
8203
8217
8230
8243
8257
8270
8283
8297
8310
8323
8337
8350
8363
8377
8390
8403
8417
8430
8443
8457
8470
8483
8497
8510
8523
8537
8550
8563
8577
8590
8603
8617
8630
8643
8657
8670
8683
8697
8710
8723
8737
8750
8764
8777
8791
8805
8818
8832
8845
8859
8873
8886
8900
8914
8927
8941
8955
8968
8982
8995
9009
9023
9036
9050
9063
9077
9090
9103
9117
9130
9143
9157
9170
9183
9197
9210
9223
9237
9250
9263
9277
9290
9303
9317
9330
9343
9357
9370
9383
9397
9410
9423
9437
9450
9463
9477
9490
9503
9517
9530
9543
9557
9570
9583
9597
9610
9623
9637
9650
9664
9679
9693
9707
9721
9736
9750
9764
9779
9793
9807
9821
9836
9850
9864
9879
9893
9907
9921
9936
9950
9964
9977
9991
10005
10018
10032
10045
10059
10073
10086
10100
10114
10127
10141
10155
10168
10182
10195
10209
10223
10236
10250
10262
10274
10286
10298
10310
10322
10334
10346
10358
10370
10382
10394
10406
10418
10430
10442
10454
10466
10478
10490
10502
10514
10526
10538
10550
10562
10574
10586
10598
10610
10622
10634
10646
10658
10670
10682
10694
10706
10718
10730
10742
70754
10766
10778
10790
10802
10814
10826
10838
10850
10867
10883
10900
10917
10933
10950
10967
10983
11000
11017
11033
11050
11067
11083
11100
11117
11133
11150
11168
11185
11203
11220
11238
11255
11273
11290
11308
11325
11343
11360
11378
11395
11413
11430
11448
11465
11483
11500
11513
11527
11540
11554
11567
11581
11594
11608
11621
11635
11648
11662
11675
11688
11702
11715
11729
11742
11756
11769
11783
11796
11810
11823
11837
11850
11863
11877
11890
11904
11917
11931
11944
11958
11971
11985
11998
12012
12025
12038
12052
12065
12079
12092
12106
12119
12133
12146
12160
12173
12187
12200
12213
12226
12239
12252
12265
12278
12291
12304
12317
12330
12343
12356
12369
12381
12394
12407
12420
12433
12446
12459
12472
12485
12498
12511
12524
12537
12550
12564
12579
12593
12607
12621
12636
12650
12664
12679
12693
12707
12721
12736
12750
12764
12779
12793
12807
12821
12836
12850
12864
12879
12893
12907
12921
12936
12950
12964
12979
12993
13007
13021
13036
13050
13064
13079
13093
13107
13121
13136
13150
13164
13179
13193
13207
13221
13236
13250
13263
13276
13289
13302
13315
13328
13341
13354
13367
13380
13393
13406
13419
13431
13444
13457
13470
13483
13496
13509
13522
13535
13548
13561
13574
13587
13600
13613
13626
13639
13652
13665
13678
13691
13704
13717
13730
13743
13756
13769
13781
13794
13807
13820
13833
13846
13859
13872
13885
13898
13911
13924
13937
13950
13964
13978
13992
14006
14020
14034
14048
14062
14076
14090
14104
14118
14132
14146
14160
14174
14188
14202
14216
14230
14244
14258
14272
14286
14300
14314
14328
14342
14356
14370
14384
14398
14412
14426
14440
14454
14468
14482
14496
14510
14524
14538
14552
14566
14580
14594
14608
14622
14636
14650
14664
14677
14691
14705
14719
14732
14746
14760
14774
14787
14801
14815
14828
14842
14856
14870
14883
14897
14911
14925
14938
14952
14966
14979
14993
15007
15021
15034
15048
15062
15075
15089
15103
15117
15130
15144
15158
15172
15185
15199
15213
15226
15240
15254
15268
15281
15295
15309
15323
15336
15350
15362
15374
15386
15398
15410
15422
15434
15447
15459
15471
15483
15495
15507
15519
15531
15543
15555
15567
15579
15591
15603
15616
15628
15640
15652
15664
15676
15688
15700
15713
15725
15738
15750
15763
15775
15788
15800
15813
15825
15838
15850
15863
15875
15888
15900
15913
15925
15938
15950
15963
15975
15988
16000
16013
16025
16038
16050
16063
16077
16090
16104
16117
16131
16144
16158
16171
16185
16198
16212
16225
16238
16252
16265
16279
16292
16306
16319
16333
16346
16360
16373
16387
16400
16413
16427
16440
16454
16467
16481
16494
16508
16521
16535
16548
16562
16575
16588
16602
16615
16629
16642
16656
16669
16683
16696
16710
16723
16737
16750
16764
16777
16791
16805
16819
16832
16846
16860
16874
16887
16901
16915
16928
16942
16956
16970
16983
16997
17011
17025
17038
17052
17066
17079
17093
17107
17121
17134
17148
17162
17175
17189
17203
17217
17230
17244
17258
17272
17285
17299
17313
17326
17340
17354
17368
17381
17395
17409
17423
17436
17450
17463
17475
17488
17500
17513
17525
17538
17550
17563
17575
17588
17600
17613
17625
17638
17650
17663
17675
17688
17700
17713
17725
17738
17750
17763
17775
17788
17800
17814
17828
17842
17856
17870
17884
17898
17912
17926
17940
17954
17968
17982
17996
18010
18024
18038
18052
18066
18080
18094
18108
18122
18136
18150
18163
18175
18188
18200
18213
18225
18238
18250
18263
18275
18288
18300
18313
18325
18338
18350
18363
18375
18388
18400
18413
18425
18438
18450
18463
18475
18488
18500
18513
18525
18538
18550
18563
18575
18588
18600
18613
18625
18638
18650
18663
18675
18688
18700
18713
18725
18738
18750
18763
18775
18788
18800
18813
18825
18838
18850
18862
18873
18885
18897
18908
18920
18932
18943
18955
18967
18978
18990
19002
19013
19025
19037
19048
19060
19072
19083
19095
19107
19118
19130
19142
19153
19165
19177
19188
19200
19212
19223
19235
19247
19258
19270
19282
19293
19305
19317
19328
19340
19352
19363
19375
19387
19398
19410
19422
19433
19445
19457
19457
19468
19480
19492
19503
19515
19527
19538
19550
19563
19575
19588
19600
19613
19625
19638
19650
19663
19675
19688
19700
19713
19725
19738
19750
19763
19775
19788
19800
19813
19825
19838
19850
19863
19875
19888
19900
19913
19926
19939
19952
19965
19978
19991
20004
20017
20030
20043
20056
20069
20081
20094
20107
20120
20133
20146
20159
20172
20185
20198
20211
20224
20237
20250
20261
20282
20293
20304
20315
20325
20336
20347
20358
20368
20379
20390
20401
20412
20422
20433
20444
20455
20465
20476
20487
20498
20508
20519
20530
20541
20552
20562
20573
20584
20595
20605
20616
20627
20638
20648
20659
20670
20681
20692
20702
20713
20724
20735
20745
20756
20767
20778
20788
20799
20810
20821
20832
20842
20853
20864
20875
20885
20896
20907
20918
20928
20939
20950
20961
20973
20984
20995
21006
21018
21029
21040
21052
21063
21074
21085
21097
21108
21119
21131
21142
21153
21165
21176
21187
21198
21210
21221
21232
21244
21255
21266
21277
21289
21300
21311
21323
21334
21345
21356
21368
21379
21390
21402
21413
21424
21435
21447
21458
21469
21481
21492
21503
21515
21526
21537
21548
21560
21571
21582
21594
21605
21616
21627
21639
21650
21661
21672
21683
21694
21706
21717
21728
21739
21750
21761
21772
21783
21794
21806
21817
21828
21839
21850
21861
21872
21883
21894
21906
21917
21928
21939
21950
21961
21972
21983
21994
22006
22017
22028
22039
22050
22061
22072
22083
22094
22106
22117
22128
22139
22150
22161
22172
22183
22194
22206
22217
22228
22239
22250
22261
22272
22283
22294
22306
22317
22328
22339
22350
22358
22367
22375
22383
22392
22400
22408
22417
22425
22433
22442
22450
22458
22467
22475
22483
22492
22500
22508
22517
22525
22533
22542
22550
22558
22567
22575
22583
22592
22600
22608
22617
22625
22633
22642
22650
22658
22667
22675
22683
22692
22700
22710
22719
22729
22739
22748
22758
22768
22777
22787
22797
22806
22816
22826
22835
22845
22855
22865
22874
22884
22894
22903
22913
22923
22932
22942
22952
22961
22971
22981
22990
23000
23011
23021
23032
23043
23054
23064
23075
23086
23096
23107
23118
23129
23139
23150
23161
23171
23182
23193
23204
23214
23225
23236
23246
23257
23268
23279
23289
23300
23309
23318
23326
23335
23344
23353
23362
23371
23379
23388
23397
23406
23415
23424
23432
23441
23450
23459
23468
23476
23485
23494
23503
23512
23521
23529
23538
23547
23556
23565
23574
23582
23591
23600
23608
23616
23624
23632
23640
23648
23656
23663
23671
23679
23687
23695
23703
23711
23719
23727
23735
23743
23751
23759
23767
23775
23783
23790
23798
23806
23814
23822
23830
23838
23846
23854
23862
23870
23878
23886
23894
23902
23910
23917
23925
23933
23941
23949
23957
23965
23973
23981
23989
23997
24005
24013
24021
24029
24037
24044
24052
24060
24068
24076
24084
24092
24100
24107
24115
24122
24130
24137
24144
24152
24159
24167
24174
24181
24189
24196
24204
24211
24219
24226
24233
24241
24248
24256
24263
24270
24278
24285
24293
24300
24306
24311
24317
24323
24329
24334
24340
24346
24351
24357
24363
24369
24374
24380
24386
24391
24397
24403
24409
24414
24420
24426
24431
24437
24443
24449
24454
24460
24466
24471
24477
24483
24489
24494
24500





























